etamin	etamax	ptmin	ptmax	eff	deff_high	deff_low
-2.4	-2.1	10	20	0	0	 0
-2.1	-1.6	10	20	0	0	 0
-1.6	-1.2	10	20	0	0	 0
-1.2	-0.8	10	20	0	0	 0
-0.8	-0.3	10	20	0	0	 0
-0.3	-0.2	10	20	0	0	 0
-0.2	0.2	10	20	0	0	 0
0.2	0.3	10	20	0	0	 0
0.3	0.8	10	20	0	0	 0
0.8	1.2	10	20	0	0	 0
1.2	1.6	10	20	0	0	 0
1.6	2.1	10	20	0	0	 0
2.1	2.4	10	20	0	0	 0
-2.4	-2.1	20	21	0	0	 0
-2.1	-1.6	20	21	0	0	 0
-1.6	-1.2	20	21	0	0	 0
-1.2	-0.8	20	21	0	0	 0
-0.8	-0.3	20	21	0	0	 0
-0.3	-0.2	20	21	0	0	 0
-0.2	0.2	20	21	0	0	 0
0.2	0.3	20	21	0	0	 0
0.3	0.8	20	21	0	0	 0
0.8	1.2	20	21	0	0	 0
1.2	1.6	20	21	0	0	 0
1.6	2.1	20	21	0	0	 0
2.1	2.4	20	21	0	0	 0
-2.4	-2.1	21	22	0	0	 0
-2.1	-1.6	21	22	0	0	 0
-1.6	-1.2	21	22	0	0	 0
-1.2	-0.8	21	22	0	0	 0
-0.8	-0.3	21	22	0	0	 0
-0.3	-0.2	21	22	0	0	 0
-0.2	0.2	21	22	0	0	 0
0.2	0.3	21	22	0	0	 0
0.3	0.8	21	22	0	0	 0
0.8	1.2	21	22	0	0	 0
1.2	1.6	21	22	0	0	 0
1.6	2.1	21	22	0	0	 0
2.1	2.4	21	22	0	0	 0
-2.4	-2.1	22	23	0	0	 0
-2.1	-1.6	22	23	0	0	 0
-1.6	-1.2	22	23	0	0	 0
-1.2	-0.8	22	23	0	0	 0
-0.8	-0.3	22	23	0	0	 0
-0.3	-0.2	22	23	0	0	 0
-0.2	0.2	22	23	0	0	 0
0.2	0.3	22	23	0	0	 0
0.3	0.8	22	23	0	0	 0
0.8	1.2	22	23	0	0	 0
1.2	1.6	22	23	0	0	 0
1.6	2.1	22	23	0	0	 0
2.1	2.4	22	23	0	0	 0
-2.4	-2.1	23	24	0.116099	0.0171435	 0.0157688
-2.1	-1.6	23	24	0.0914966	0.0111165	 0.0103917
-1.6	-1.2	23	24	0.0567312	0.0101554	 0.00911616
-1.2	-0.8	23	24	0.0606739	0.0116336	 0.0109222
-0.8	-0.3	23	24	0.0418062	0.0078283	 0.00677665
-0.3	-0.2	23	24	0.0188722	0.01287	 0.00886536
-0.2	0.2	23	24	0.0519278	0.00919019	 0.008261
0.2	0.3	23	24	0	0	 0
0.3	0.8	23	24	0.0414588	0.00777317	 0.00692648
0.8	1.2	23	24	0.0444471	0.00994384	 0.00863753
1.2	1.6	23	24	0.0554943	0.02523	 0.0127759
1.6	2.1	23	24	0.0756739	0.0104647	 0.00960884
2.1	2.4	23	24	0.0919234	0.0178865	 0.0167134
-2.4	-2.1	24	25	0.69502	0.0266829	 0.0271394
-2.1	-1.6	24	25	0.738433	0.0166961	 0.01688
-1.6	-1.2	24	25	0.821924	0.0158152	 0.0163482
-1.2	-0.8	24	25	0.794242	0.0181442	 0.020076
-0.8	-0.3	24	25	0.889848	0.0119625	 0.0175393
-0.3	-0.2	24	25	0.729839	0.0318619	 0.0336792
-0.2	0.2	24	25	0.832785	0.0130211	 0.0139611
0.2	0.3	24	25	0.737942	0.0355756	 0.0379449
0.3	0.8	24	25	0.878145	0.0118057	 0.0123211
0.8	1.2	24	25	0.779832	0.0174006	 0.0175347
1.2	1.6	24	25	0.810075	0.0163689	 0.0169126
1.6	2.1	24	25	0.762248	0.0152813	 0.0157903
2.1	2.4	24	25	0.654597	0.0245774	 0.0250549
-2.4	-2.1	25	26	0.700679	0.0226727	 0.0229076
-2.1	-1.6	25	26	0.782035	0.0153734	 0.0156558
-1.6	-1.2	25	26	0.827267	0.0155152	 0.0160358
-1.2	-0.8	25	26	0.837655	0.0154872	 0.0159945
-0.8	-0.3	25	26	0.914043	0.0107276	 0.0113044
-0.3	-0.2	25	26	0.725872	0.030265	 0.0317363
-0.2	0.2	25	26	0.850285	0.0133838	 0.0137198
0.2	0.3	25	26	0.805931	0.0295486	 0.0285227
0.3	0.8	25	26	0.914159	0.00928539	 0.00962298
0.8	1.2	25	26	0.797748	0.0152929	 0.0159981
1.2	1.6	25	26	0.815303	0.0162576	 0.0165182
1.6	2.1	25	26	0.794658	0.0151262	 0.01532
2.1	2.4	25	26	0.712037	0.0234111	 0.0241659
-2.4	-2.1	26	30	0.746819	0.000258675	 0.000258675
-2.1	-1.6	26	30	0.814378	0.00701218	 0.00713983
-1.6	-1.2	26	30	0.854679	0.00651107	 0.00653954
-1.2	-0.8	26	30	0.859392	0.00669601	 0.00685824
-0.8	-0.3	26	30	0.937351	0.00366384	 0.00374571
-0.3	-0.2	26	30	0.767827	0.013651	 0.0138088
-0.2	0.2	26	30	0.889268	0.00443178	 0.00447852
0.2	0.3	26	30	0.838242	0.0120576	 0.0123117
0.3	0.8	26	30	0.939945	0.00361758	 0.00370288
0.8	1.2	26	30	0.864385	0.00625079	 0.00630125
1.2	1.6	26	30	0.850749	0.00650523	 0.00657419
1.6	2.1	26	30	0.831896	0.00650523	 0.00657419
2.1	2.4	26	30	0.747949	0.0106718	 0.0107379
-2.4	-2.1	30	40	0.810614	0.00469616	 0.00470255
-2.1	-1.6	30	40	0.840479	0.00320597	 0.00319888
-1.6	-1.2	30	40	0.894353	0.00278628	 0.00276789
-1.2	-0.8	30	40	0.888335	0.00246062	 0.00251284
-0.8	-0.3	30	40	0.955698	0.00139364	 0.00139431
-0.3	-0.2	30	40	0.785966	0.00619911	 0.00618479
-0.2	0.2	30	40	0.907412	0.0021003	 0.00211712
0.2	0.3	30	40	0.84104	0.00561671	 0.00570834
0.3	0.8	30	40	0.953055	0.00142596	 0.00145024
0.8	1.2	30	40	0.881942	0.00258567	 0.00259503
1.2	1.6	30	40	0.890511	0.00276091	 0.00281083
1.6	2.1	30	40	0.856869	0.00295978	 0.00296357
2.1	2.4	30	40	0.793701	0.0048679	 0.00488302
-2.4	-2.1	40	60	0.832463	0.00396149	 0.00400938
-2.1	-1.6	40	60	0.857174	0.00234304	 0.00235115
-1.6	-1.2	40	60	0.917839	0.00166988	 0.00168827
-1.2	-0.8	40	60	0.888354	0.00194624	 0.00195147
-0.8	-0.3	40	60	0.958622	0.00108767	 0.00109974
-0.3	-0.2	40	60	0.814639	0.0046265	 0.00469268
-0.2	0.2	40	60	0.91422	0.0017148	 0.00172943
0.2	0.3	40	60	0.85302	0.00449599	 0.00453771
0.3	0.8	40	60	0.959543	0.00108023	 0.00109342
0.8	1.2	40	60	0.891694	0.00181965	 0.00183701
1.2	1.6	40	60	0.90171	0.00195579	 0.00197605
1.6	2.1	40	60	0.876567	0.0021456	 0.00211765
2.1	2.4	40	60	0.822753	0.00393249	 0.00390759
-2.4	-2.1	60	100	0.861336	0.0117249	 0.0121282
-2.1	-1.6	60	100	0.869001	0.00720458	 0.00745078
-1.6	-1.2	60	100	0.926311	0.00549537	 0.00570072
-1.2	-0.8	60	100	0.889407	0.00603977	 0.00632527
-0.8	-0.3	60	100	0.956348	0.00346829	 0.00360234
-0.3	-0.2	60	100	0.760948	0.0158333	 0.0162423
-0.2	0.2	60	100	0.918508	0.00483535	 0.00492889
0.2	0.3	60	100	0.826731	0.0149911	 0.0154564
0.3	0.8	60	100	0.958681	0.00304541	 0.00320505
0.8	1.2	60	100	0.888088	0.00638632	 0.00655357
1.2	1.6	60	100	0.917125	0.00578586	 0.00600609
1.6	2.1	60	100	0.870126	0.00731106	 0.00752693
2.1	2.4	60	100	0.850933	0.0132874	 0.0137792
-2.4	-2.1	100	200	0.847337	0.033955	 0.038897
-2.1	-1.6	100	200	0.795474	0.0227811	 0.0240819
-1.6	-1.2	100	200	0.892361	0.0167472	 0.0185699
-1.2	-0.8	100	200	0.894969	0.0224604	 0.0296241
-0.8	-0.3	100	200	0.967616	0.00904942	 0.0103206
-0.3	-0.2	100	200	0.780637	0.0425049	 0.0452163
-0.2	0.2	100	200	0.924367	0.0123694	 0.013826
0.2	0.3	100	200	0.847354	0.0415615	 0.0460937
0.3	0.8	100	200	0.963549	0.0129537	 0.017984
0.8	1.2	100	200	0.893856	0.0182149	 0.0177949
1.2	1.6	100	200	0.851404	0.0214363	 0.0227493
1.6	2.1	100	200	0.852787	0.0192009	 0.0206786
2.1	2.4	100	200	0.797528	0.0469533	 0.0513991
