etamin	etamax	ptmin	ptmax	eff	deff_high	deff_low
-2.4	-2.1	10	20	0	0	 0
-2.1	-1.6	10	20	0	0	 0
-1.6	-1.2	10	20	0	0	 0
-1.2	-0.8	10	20	0	0	 0
-0.8	-0.3	10	20	0	0	 0
-0.3	-0.2	10	20	0	0	 0
-0.2	0.2	10	20	0	0	 0
0.2	0.3	10	20	0	0	 0
0.3	0.8	10	20	0	0	 0
0.8	1.2	10	20	0	0	 0
1.2	1.6	10	20	0	0	 0
1.6	2.1	10	20	0	0	 0
2.1	2.4	10	20	0	0	 0
-2.4	-2.1	20	21	0	0	 0
-2.1	-1.6	20	21	0	0	 0
-1.6	-1.2	20	21	0	0	 0
-1.2	-0.8	20	21	0	0	 0
-0.8	-0.3	20	21	0	0	 0
-0.3	-0.2	20	21	0	0	 0
-0.2	0.2	20	21	0	0	 0
0.2	0.3	20	21	0	0	 0
0.3	0.8	20	21	0	0	 0
0.8	1.2	20	21	0	0	 0
1.2	1.6	20	21	0	0	 0
1.6	2.1	20	21	0	0	 0
2.1	2.4	20	21	0	0	 0
-2.4	-2.1	21	22	0.0199203	0.00420284	 0.00369265
-2.1	-1.6	21	22	0	0	 0
-1.6	-1.2	21	22	0	0	 0
-1.2	-0.8	21	22	0	0	 0
-0.8	-0.3	21	22	0	0	 0
-0.3	-0.2	21	22	0	0	 0
-0.2	0.2	21	22	0	0	 0
0.2	0.3	21	22	0	0	 0
0.3	0.8	21	22	0	0	 0
0.8	1.2	21	22	0	0	 0
1.2	1.6	21	22	0	0	 0
1.6	2.1	21	22	0	0	 0
2.1	2.4	21	22	0.0157081	0.00431626	 0.00394726
-2.4	-2.1	22	23	0.0409905	0.00593549	 0.00545603
-2.1	-1.6	22	23	0.0149277	0.00245187	 0.00220517
-1.6	-1.2	22	23	0	0	 0
-1.2	-0.8	22	23	0	0	 0
-0.8	-0.3	22	23	0	0	 0
-0.3	-0.2	22	23	0	0	 0
-0.2	0.2	22	23	0	0	 0
0.2	0.3	22	23	0	0	 0
0.3	0.8	22	23	0	0	 0
0.8	1.2	22	23	0	0	 0
1.2	1.6	22	23	0	0	 0
1.6	2.1	22	23	0.0192921	0.00347498	 0.0030502
2.1	2.4	22	23	0.0321397	0.0049437	 0.00449123
-2.4	-2.1	23	24	0.138729	0.00891301	 0.00860578
-2.1	-1.6	23	24	0.108065	0.00592191	 0.00581146
-1.6	-1.2	23	24	0.076638	0.00610805	 0.00592024
-1.2	-0.8	23	24	0.0671995	0.00514114	 0.00489553
-0.8	-0.3	23	24	0.0724641	0.00465313	 0.00447026
-0.3	-0.2	23	24	0.0640545	0.0103692	 0.00941087
-0.2	0.2	23	24	0.0753782	0.00524503	 0.00503327
0.2	0.3	23	24	0.0543278	0.00981868	 0.00879112
0.3	0.8	23	24	0.0653372	0.00439617	 0.00421004
0.8	1.2	23	24	0.0613326	0.00482542	 0.00458546
1.2	1.6	23	24	0.0617943	0.0056484	 0.00546916
1.6	2.1	23	24	0.108663	0.00603829	 0.00688575
2.1	2.4	23	24	0.121391	0.00935403	 0.00918902
-2.4	-2.1	24	25	0.659514	0.0113485	 0.0114743
-2.1	-1.6	24	25	0.715845	0.00903732	 0.00915307
-1.6	-1.2	24	25	0.784201	0.00853718	 0.00859866
-1.2	-0.8	24	25	0.800734	0.00757526	 0.00777489
-0.8	-0.3	24	25	0.87915	0.00587584	 0.00594884
-0.3	-0.2	24	25	0.721565	0.0170282	 0.0172554
-0.2	0.2	24	25	0.835759	0.00646147	 0.00660569
0.2	0.3	24	25	0.772245	0.0164194	 0.0165335
0.3	0.8	24	25	0.884089	0.00558821	 0.00567401
0.8	1.2	24	25	0.787517	0.00857074	 0.00896852
1.2	1.6	24	25	0.79225	0.00820303	 0.00837667
1.6	2.1	24	25	0.753162	0.00796378	 0.00799454
2.1	2.4	24	25	0.641693	0.0128204	 0.0126988
-2.4	-2.1	25	26	0.727988	0.0118175	 0.0119621
-2.1	-1.6	25	26	0.767488	0.00729651	 0.00737422
-1.6	-1.2	25	26	0.83531	0.00706677	 0.00711145
-1.2	-0.8	25	26	0.852884	0.0071371	 0.00725617
-0.8	-0.3	25	26	0.92094	0.00463104	 0.00470343
-0.3	-0.2	25	26	0.78075	0.0134209	 0.0138766
-0.2	0.2	25	26	0.892258	0.0052493	 0.00532452
0.2	0.3	25	26	0.785675	0.0150026	 0.0153799
0.3	0.8	25	26	0.906277	0.00494704	 0.00501737
0.8	1.2	25	26	0.828197	0.00708041	 0.00705497
1.2	1.6	25	26	0.837718	0.0070807	 0.00714369
1.6	2.1	25	26	0.810194	0.00721071	 0.00729113
2.1	2.4	25	26	0.712151	0.0123789	 0.0129988
-2.4	-2.1	26	30	0.761713	0.00514673	 0.00516099
-2.1	-1.6	26	30	0.815388	0.00318226	 0.00317418
-1.6	-1.2	26	30	0.867989	0.00308994	 0.003056
-1.2	-0.8	26	30	0.884767	0.00281966	 0.00282484
-0.8	-0.3	26	30	0.935287	0.00177543	 0.00176575
-0.3	-0.2	26	30	0.807576	0.00596407	 0.00602984
-0.2	0.2	26	30	0.917104	0.00195588	 0.00197018
0.2	0.3	26	30	0.835768	0.00571981	 0.0058328
0.3	0.8	26	30	0.932631	0.00177706	 0.00180502
0.8	1.2	26	30	0.883379	0.00284908	 0.00285904
1.2	1.6	26	30	0.865351	0.00313433	 0.00315956
1.6	2.1	26	30	0.829371	0.00321478	 0.00314682
2.1	2.4	26	30	0.749882	0.00509021	 0.00505668
-2.4	-2.1	30	40	0.816078	0.00228005	 0.00227632
-2.1	-1.6	30	40	0.847619	0.00146003	 0.00145879
-1.6	-1.2	30	40	0.906625	0.0012343	 0.00122435
-1.2	-0.8	30	40	0.913285	0.00106505	 0.00106858
-0.8	-0.3	30	40	0.950295	0.000695523	 0.000692267
-0.3	-0.2	30	40	0.819956	0.00273023	 0.00274311
-0.2	0.2	30	40	0.936093	0.000827878	 0.000827363
0.2	0.3	30	40	0.85396	0.00250412	 0.00251902
0.3	0.8	30	40	0.949525	0.000693426	 0.000689398
0.8	1.2	30	40	0.911958	0.0010794	 0.00108455
1.2	1.6	30	40	0.894768	0.00129158	 0.00127683
1.6	2.1	30	40	0.857476	0.00141233	 0.00143183
2.1	2.4	30	40	0.793848	0.00241762	 0.00240038
-2.4	-2.1	40	60	0.844992	0.00191577	 0.00190611
-2.1	-1.6	40	60	0.861251	0.00108643	 0.00108339
-1.6	-1.2	40	60	0.925063	0.000818923	 0.000821279
-1.2	-0.8	40	60	0.924526	0.000787648	 0.00078969
-0.8	-0.3	40	60	0.956844	0.00052571	 0.000528254
-0.3	-0.2	40	60	0.824504	0.00228932	 0.0023031
-0.2	0.2	40	60	0.945905	0.000649598	 0.000653579
0.2	0.3	40	60	0.858495	0.00211009	 0.00212025
0.3	0.8	40	60	0.956224	0.000528015	 0.000529809
0.8	1.2	40	60	0.922205	0.000782928	 0.000782851
1.2	1.6	40	60	0.911002	0.000883869	 0.000888637
1.6	2.1	40	60	0.868071	0.00106286	 0.00105562
2.1	2.4	40	60	0.813631	0.00198102	 0.00197361
-2.4	-2.1	60	100	0.843599	0.0065178	 0.00646492
-2.1	-1.6	60	100	0.865023	0.00363453	 0.00354923
-1.6	-1.2	60	100	0.926875	0.00262928	 0.00270102
-1.2	-0.8	60	100	0.927467	0.00252358	 0.00256875
-0.8	-0.3	60	100	0.958278	0.00155924	 0.00153011
-0.3	-0.2	60	100	0.829498	0.00694818	 0.00704459
-0.2	0.2	60	100	0.947506	0.00393399	 0.00188693
0.2	0.3	60	100	0.840432	0.00630619	 0.00647832
0.3	0.8	60	100	0.956965	0.00162904	 0.00167635
0.8	1.2	60	100	0.924695	0.00240009	 0.00239967
1.2	1.6	60	100	0.913235	0.00278835	 0.002853
1.6	2.1	60	100	0.862873	0.0034671	 0.00346564
2.1	2.4	60	100	0.830253	0.00652995	 0.0065854
-2.4	-2.1	100	200	0.838504	0.0237049	 0.0245443
-2.1	-1.6	100	200	0.844026	0.0119674	 0.0123949
-1.6	-1.2	100	200	0.882048	0.00844605	 0.0164929
-1.2	-0.8	100	200	0.926403	0.00679251	 0.00706506
-0.8	-0.3	100	200	0.949499	0.00530823	 0.00558114
-0.3	-0.2	100	200	0.831212	0.0187305	 0.0199597
-0.2	0.2	100	200	0.936097	0.00617514	 0.00654121
0.2	0.3	100	200	0.882214	0.0163713	 0.0176228
0.3	0.8	100	200	0.953355	0.00500844	 0.00536616
0.8	1.2	100	200	0.913378	0.00789951	 0.00820726
1.2	1.6	100	200	0.870903	0.0100176	 0.0103494
1.6	2.1	100	200	0.822235	0.0128007	 0.0139172
2.1	2.4	100	200	0.808799	0.0214126	 0.0221199
