etamin	etamax	ptmin	ptmax	eff	deff_high	deff_low
-2.4	-2.1	10	13	0.801402	0.0101027	 0.0101812
-2.1	-1.6	10	13	0.777393	0.00820649	 0.00811643
-1.6	-1.2	10	13	0.753904	0.0094715	 0.00962459
-1.2	-0.8	10	13	0.695521	0.0100465	 0.0100044
-0.8	-0.3	10	13	0.677637	0.0118533	 0.0117537
-0.3	-0.2	10	13	0.635289	0.0377696	 0.0344691
-0.2	0.2	10	13	0.633824	0.0185628	 0.0192856
0.2	0.3	10	13	0.670099	0.0335808	 0.0342658
0.3	0.8	10	13	0.672488	0.0120314	 0.0120142
0.8	1.2	10	13	0.709929	0.0108862	 0.0107464
1.2	1.6	10	13	0.732734	0.008678	 0.00877762
1.6	2.1	10	13	0.792415	0.00791327	 0.00798361
2.1	2.4	10	13	0.792235	0.0101003	 0.0101273
-2.4	-2.1	13	16	0.849114	0.00814543	 0.00791834
-2.1	-1.6	13	16	0.834913	0.00618304	 0.00641593
-1.6	-1.2	13	16	0.802996	0.0072814	 0.00738008
-1.2	-0.8	13	16	0.758724	0.00756596	 0.00763509
-0.8	-0.3	13	16	0.732871	0.00789751	 0.00786625
-0.3	-0.2	13	16	0.693464	0.0181466	 0.0187405
-0.2	0.2	13	16	0.662045	0.0107305	 0.0107606
0.2	0.3	13	16	0.665751	0.0217661	 0.0219272
0.3	0.8	13	16	0.727328	0.00750251	 0.00751164
0.8	1.2	13	16	0.742657	0.00754894	 0.00759423
1.2	1.6	13	16	0.792468	0.00697543	 0.00702381
1.6	2.1	13	16	0.830917	0.00605098	 0.00605557
2.1	2.4	13	16	0.845735	0.00839887	 0.00864887
-2.4	-2.1	16	20	0.886483	0.00533215	 0.0055996
-2.1	-1.6	16	20	0.876047	0.0046806	 0.0050827
-1.6	-1.2	16	20	0.852766	0.00433306	 0.00433015
-1.2	-0.8	16	20	0.807576	0.00480542	 0.00481877
-0.8	-0.3	16	20	0.792161	0.00432406	 0.00434644
-0.3	-0.2	16	20	0.747483	0.0129231	 0.0120079
-0.2	0.2	16	20	0.751319	0.00581836	 0.00583265
0.2	0.3	16	20	0.754892	0.0115301	 0.0116099
0.3	0.8	16	20	0.795209	0.00444859	 0.00446199
0.8	1.2	16	20	0.811622	0.00494161	 0.00494318
1.2	1.6	16	20	0.848964	0.00459033	 0.00465797
1.6	2.1	16	20	0.87029	0.00388682	 0.0038931
2.1	2.4	16	20	0.873668	0.00480368	 0.00478233
-2.4	-2.1	20	25	0.921413	0.00292968	 0.00296013
-2.1	-1.6	20	25	0.910108	0.00225447	 0.00225539
-1.6	-1.2	20	25	0.891569	0.00272107	 0.00273084
-1.2	-0.8	20	25	0.863108	0.0028634	 0.00287984
-0.8	-0.3	20	25	0.856443	0.00244297	 0.00245441
-0.3	-0.2	20	25	0.842157	0.00565144	 0.00570653
-0.2	0.2	20	25	0.835316	0.00274693	 0.00275049
0.2	0.3	20	25	0.851316	0.00579034	 0.00583091
0.3	0.8	20	25	0.849924	0.00243915	 0.00245092
0.8	1.2	20	25	0.864532	0.00281667	 0.00285485
1.2	1.6	20	25	0.889852	0.00273762	 0.00275465
1.6	2.1	20	25	0.910857	0.00222275	 0.00223976
2.1	2.4	20	25	0.912753	0.00303879	 0.00305176
-2.4	-2.1	25	30	0.947276	0.00199743	 0.00200604
-2.1	-1.6	25	30	0.937427	0.00155865	 0.00156536
-1.6	-1.2	25	30	0.920798	0.00189898	 0.00191355
-1.2	-0.8	25	30	0.904572	0.00195915	 0.00196317
-0.8	-0.3	25	30	0.895216	0.00159561	 0.00159988
-0.3	-0.2	25	30	0.888399	0.00340069	 0.00342322
-0.2	0.2	25	30	0.895532	0.0015877	 0.00159058
0.2	0.3	25	30	0.894868	0.00349894	 0.00353736
0.3	0.8	25	30	0.896434	0.00160633	 0.00160484
0.8	1.2	25	30	0.903626	0.00196633	 0.00198882
1.2	1.6	25	30	0.919684	0.00188788	 0.00189699
1.6	2.1	25	30	0.936109	0.00165005	 0.00166887
2.1	2.4	25	30	0.947655	0.00202338	 0.00204546
-2.4	-2.1	30	40	0.969182	0.000902649	 0.000909088
-2.1	-1.6	30	40	0.965335	0.000673993	 0.000674135
-1.6	-1.2	30	40	0.956633	0.000774214	 0.000779573
-1.2	-0.8	30	40	0.947933	0.000741566	 0.00074861
-0.8	-0.3	30	40	0.944476	0.000616345	 0.000621181
-0.3	-0.2	30	40	0.940451	0.00144537	 0.00145305
-0.2	0.2	30	40	0.941215	0.000682132	 0.000685213
0.2	0.3	30	40	0.944212	0.00143806	 0.00145671
0.3	0.8	30	40	0.944583	0.000617423	 0.000620185
0.8	1.2	30	40	0.947995	0.000744085	 0.000746664
1.2	1.6	30	40	0.957799	0.000760181	 0.000767931
1.6	2.1	30	40	0.965314	0.000674736	 0.000672583
2.1	2.4	30	40	0.970309	0.000871756	 0.000878046
-2.4	-2.1	40	60	0.988882	0.000433346	 0.000441871
-2.1	-1.6	40	60	0.988353	0.00028871	 0.000291033
-1.6	-1.2	40	60	0.985047	0.000326147	 0.000328877
-1.2	-0.8	40	60	0.981019	0.000353664	 0.000355735
-0.8	-0.3	40	60	0.97876	0.0003249	 0.000327185
-0.3	-0.2	40	60	0.975449	0.000788824	 0.000805489
-0.2	0.2	40	60	0.975829	0.000381759	 0.000385147
0.2	0.3	40	60	0.975694	0.000799889	 0.000813737
0.3	0.8	40	60	0.977868	0.000330632	 0.000333615
0.8	1.2	40	60	0.98025	0.00036026	 0.000361447
1.2	1.6	40	60	0.984723	0.000328315	 0.000330636
1.6	2.1	40	60	0.988677	0.000285439	 0.000288502
2.1	2.4	40	60	0.989594	0.000413001	 0.000419313
-2.4	-2.1	60	100	0.994792	0.00101966	 0.00109452
-2.1	-1.6	60	100	0.99307	0.000757138	 0.000799479
-1.6	-1.2	60	100	0.991064	0.000825768	 0.00086602
-1.2	-0.8	60	100	0.989037	0.000896978	 0.000935623
-0.8	-0.3	60	100	0.988484	0.000778817	 0.000808931
-0.3	-0.2	60	100	0.987001	0.00192938	 0.0020837
-0.2	0.2	60	100	0.986797	0.000917334	 0.00095563
0.2	0.3	60	100	0.986166	0.00206234	 0.00223115
0.3	0.8	60	100	0.988011	0.000806748	 0.000836279
0.8	1.2	60	100	0.990877	0.000840524	 0.000882168
1.2	1.6	60	100	0.993482	0.000751199	 0.000790823
1.6	2.1	60	100	0.993043	0.000763558	 0.000806582
2.1	2.4	60	100	0.992304	0.00116672	 0.00124701
-2.4	-2.1	100	200	0.998544	0.00145584	 0.00399613
-2.1	-1.6	100	200	0.989322	0.00259725	 0.00292077
-1.6	-1.2	100	200	0.993902	0.00240397	 0.00269842
-1.2	-0.8	100	200	0.993214	0.00276593	 0.00310873
-0.8	-0.3	100	200	0.992196	0.00223646	 0.00249989
-0.3	-0.2	100	200	1	0.00215796	 0.00215796
-0.2	0.2	100	200	0.983353	0.00298731	 0.00324164
0.2	0.3	100	200	0.986119	0.00472081	 0.00609184
0.3	0.8	100	200	0.993966	0.00183651	 0.00210923
0.8	1.2	100	200	0.992299	0.00230234	 0.00263065
1.2	1.6	100	200	0.990772	0.00228635	 0.00262807
1.6	2.1	100	200	0.992689	0.0019276	 0.00231418
2.1	2.4	100	200	0.985095	0.00418428	 0.0051884
