etamin	etamax	ptmin	ptmax	eff	deff_high	deff_low
-2.4	-2.1	10	13	0.890226	0.0110587	 0.0110836
-2.1	-1.6	10	13	0.956779	0.00695355	 0.00703806
-1.6	-1.2	10	13	0.957224	0.00651615	 0.00661986
-1.2	-0.8	10	13	0.924422	0.00831926	 0.00838419
-0.8	-0.3	10	13	0.958331	0.010574	 0.01069
-0.3	-0.2	10	13	0.857943	0.0293859	 0.0297051
-0.2	0.2	10	13	0.947646	0.015527	 0.0156362
0.2	0.3	10	13	0.870511	0.0528163	 0.0338317
0.3	0.8	10	13	0.93855	0.00992545	 0.0100725
0.8	1.2	10	13	0.926634	0.0080156	 0.00815995
1.2	1.6	10	13	0.970119	0.00688763	 0.00701026
1.6	2.1	10	13	0.963866	0.007277	 0.00724182
2.1	2.4	10	13	0.886328	0.0112116	 0.0112734
-2.4	-2.1	13	16	0.914909	0.00722233	 0.00732216
-2.1	-1.6	13	16	0.958353	0.00416042	 0.00424079
-1.6	-1.2	13	16	0.970064	0.0038787	 0.00398147
-1.2	-0.8	13	16	0.93393	0.00485966	 0.00496745
-0.8	-0.3	13	16	0.96664	0.00524292	 0.005343
-0.3	-0.2	13	16	0.882388	0.0166651	 0.0170076
-0.2	0.2	13	16	0.950656	0.00730726	 0.00744351
0.2	0.3	13	16	0.854964	0.016082	 0.0165147
0.3	0.8	13	16	0.962928	0.00503601	 0.00513086
0.8	1.2	13	16	0.931148	0.00494798	 0.00504259
1.2	1.6	13	16	0.969699	0.00427672	 0.00438866
1.6	2.1	13	16	0.958915	0.00451979	 0.00460039
2.1	2.4	13	16	0.898138	0.00733722	 0.00745315
-2.4	-2.1	16	20	0.91332	0.00445826	 0.00450491
-2.1	-1.6	16	20	0.964603	0.00225929	 0.00229988
-1.6	-1.2	16	20	0.978815	0.00207558	 0.00212342
-1.2	-0.8	16	20	0.934359	0.00286779	 0.00291455
-0.8	-0.3	16	20	0.95969	0.00251671	 0.00255812
-0.3	-0.2	16	20	0.853229	0.00888451	 0.0090503
-0.2	0.2	16	20	0.949951	0.0035036	 0.00356315
0.2	0.3	16	20	0.838596	0.00922928	 0.00934905
0.3	0.8	16	20	0.969393	0.00234995	 0.00239274
0.8	1.2	16	20	0.943882	0.00281024	 0.00285739
1.2	1.6	16	20	0.976402	0.00221492	 0.00226324
1.6	2.1	16	20	0.969888	0.00231613	 0.00235646
2.1	2.4	16	20	0.91342	0.00447206	 0.00452333
-2.4	-2.1	20	25	0.920436	0.00268373	 0.00272368
-2.1	-1.6	20	25	0.968628	0.00130438	 0.00133589
-1.6	-1.2	20	25	0.981818	0.001107	 0.00113317
-1.2	-0.8	20	25	0.943272	0.00164199	 0.00165512
-0.8	-0.3	20	25	0.964516	0.00126442	 0.00127083
-0.3	-0.2	20	25	0.862234	0.0045252	 0.00458658
-0.2	0.2	20	25	0.951745	0.00160386	 0.00162066
0.2	0.3	20	25	0.853467	0.00471376	 0.00477023
0.3	0.8	20	25	0.967867	0.00121362	 0.00122589
0.8	1.2	20	25	0.946158	0.00160303	 0.00162711
1.2	1.6	20	25	0.979147	0.0012249	 0.00125348
1.6	2.1	20	25	0.975459	0.00121934	 0.00124109
2.1	2.4	20	25	0.930622	0.00257974	 0.00261405
-2.4	-2.1	25	30	0.92606	0.00206301	 0.0020797
-2.1	-1.6	25	30	0.971034	0.00094989	 0.000969251
-1.6	-1.2	25	30	0.985378	0.000751446	 0.000764998
-1.2	-0.8	25	30	0.943389	0.00122179	 0.00123313
-0.8	-0.3	25	30	0.967431	0.000829714	 0.000846723
-0.3	-0.2	25	30	0.860693	0.00306837	 0.00310315
-0.2	0.2	25	30	0.953054	0.000965656	 0.000973442
0.2	0.3	25	30	0.852771	0.00342871	 0.00376774
0.3	0.8	25	30	0.971288	0.00078929	 0.000800987
0.8	1.2	25	30	0.944408	0.00121037	 0.00121646
1.2	1.6	25	30	0.981464	0.000839376	 0.00085425
1.6	2.1	25	30	0.973784	0.000928607	 0.000939886
2.1	2.4	25	30	0.927147	0.00204665	 0.00206347
-2.4	-2.1	30	40	0.925792	0.00111898	 0.00111682
-2.1	-1.6	30	40	0.970854	0.000511619	 0.000514571
-1.6	-1.2	30	40	0.984866	0.000387393	 0.000392169
-1.2	-0.8	30	40	0.941938	0.000614811	 0.000611063
-0.8	-0.3	30	40	0.968043	0.000384113	 0.000387141
-0.3	-0.2	30	40	0.862886	0.00157731	 0.00158569
-0.2	0.2	30	40	0.955533	0.000475791	 0.000478508
0.2	0.3	30	40	0.852739	0.00164917	 0.00163863
0.3	0.8	30	40	0.971316	0.000363445	 0.000366117
0.8	1.2	30	40	0.945807	0.000586417	 0.000590701
1.2	1.6	30	40	0.98201	0.000428483	 0.000427914
1.6	2.1	30	40	0.97473	0.000482202	 0.000485803
2.1	2.4	30	40	0.928441	0.00110824	 0.00111371
-2.4	-2.1	40	60	0.927695	0.000929231	 0.000931052
-2.1	-1.6	40	60	0.970046	0.000388162	 0.000389787
-1.6	-1.2	40	60	0.985042	0.000274281	 0.00027626
-1.2	-0.8	40	60	0.943949	0.000455212	 0.000457847
-0.8	-0.3	40	60	0.969025	0.000308609	 0.00031002
-0.3	-0.2	40	60	0.860395	0.00130536	 0.00131317
-0.2	0.2	40	60	0.956551	0.000399784	 0.000400522
0.2	0.3	40	60	0.849492	0.00122414	 0.00123025
0.3	0.8	40	60	0.972457	0.000289606	 0.000291412
0.8	1.2	40	60	0.946967	0.000442553	 0.000444113
1.2	1.6	40	60	0.983667	0.000291639	 0.000294495
1.6	2.1	40	60	0.974896	0.000362535	 0.000364618
2.1	2.4	40	60	0.929629	0.000926779	 0.000931738
-2.4	-2.1	60	100	0.941011	0.00340902	 0.00345281
-2.1	-1.6	60	100	0.973379	0.00129687	 0.00132493
-1.6	-1.2	60	100	0.987347	0.000880405	 0.000907195
-1.2	-0.8	60	100	0.94409	0.00151136	 0.00153715
-0.8	-0.3	60	100	0.969678	0.00102454	 0.00103871
-0.3	-0.2	60	100	0.857112	0.00426919	 0.00435745
-0.2	0.2	60	100	0.957954	0.00130837	 0.00132877
0.2	0.3	60	100	0.856497	0.00418726	 0.00423973
0.3	0.8	60	100	0.97332	0.000957249	 0.000974119
0.8	1.2	60	100	0.947721	0.00145407	 0.00148165
1.2	1.6	60	100	0.987526	0.000939503	 0.000963169
1.6	2.1	60	100	0.976453	0.00128338	 0.00131029
2.1	2.4	60	100	0.939001	0.00342764	 0.00347504
-2.4	-2.1	100	200	0.915431	0.0128869	 0.0131187
-2.1	-1.6	100	200	0.974815	0.00470384	 0.00493552
-1.6	-1.2	100	200	0.983814	0.00306829	 0.00324198
-1.2	-0.8	100	200	0.948572	0.00448383	 0.00464708
-0.8	-0.3	100	200	0.975269	0.00302218	 0.00315557
-0.3	-0.2	100	200	0.855927	0.0128241	 0.0278587
-0.2	0.2	100	200	0.960522	0.00386341	 0.00402232
0.2	0.3	100	200	0.854243	0.0124866	 0.013419
0.3	0.8	100	200	0.975767	0.00286826	 0.00295123
0.8	1.2	100	200	0.934835	0.00497789	 0.00515095
1.2	1.6	100	200	0.985316	0.00316614	 0.0033709
1.6	2.1	100	200	0.974821	0.00495797	 0.0052035
2.1	2.4	100	200	0.928851	0.0132783	 0.0135474
